r -3 -2 -3 19 5
r 3 -2 3 15 5
r -2 -3 2 -3 6
x -3 -3 8
x 3 -3 8
e -2 4 1 0 1.85 3 4
e 3 4 1 0 1.85 -2 4
e -2 6 1 0 1.85 3 6
e 3 6 1 0 2.75 -2 6
e -2 10 1 0 1.85 3 10
e 3 10 1 0 2 -2 10
e -2 12 1 0 2.35 3 12
e 3 12 1 0 2.75 -2 12
x -3 20 8
x 3 16 8
r -2 20 36 20 6
r 4 16 40 16 6
e -2 20 0 135 1.65 35
e 4 20 0 45 1.65 35
e 8 20 0 135 1.85 35
e 16 20 0 45 1.85 35
e 18 17 0 225 1.85 35
e 26 17 0 315 1.85 35
e 30 17 1 0 1.55 35 18
e 35 18 1 0 1.55 30 17
x 37 20 8
x 41 16 8
r 37 21 37 35 5
r 41 17 41 35 5
r 38 24 39 24 6
r 39 26 40 26 6
e 41 29 1 0 2.35 38 29
e 38 31 1 0 2.35 41 31
x 37 36 8
x 41 36 8
r 38 36 40 36 6
x 39 34 7