h -11 -11 11 11 9
r -3 -6 -3 10 10
r 3 -6 3 7 10
x -3 -7 13
x 3 -7 13
r -2 -7 2 -7 11
e -5 4 2 1.2 200 0.25 20 0
e 6 4 2 1.3 200 0.3 20 180
e 0.5 6 2 1.4 200 0.35 20 270
e 4 11 0 90 1.35 75
r 4 4 7 4 11
x 8 4 13
e 9 6.15 1 1 0 9 6.15
e 9 2.85 1 1 0 9 2.85
e 4 -4 1 0 1.25 11 -4
e 4 -5 1 0 1.5 11 -5
e 4 -6 1 0 1.75 11 -6
e -8 -10 0 270 1.75 75
e -3 -4 0 0 1.75 75
e 4 -10 0 270 1.75 75
r -7 4 -4 4 11
x -8 4 13
e -10 6.15 1 1 2 -8.75 6.15
e -10 2.85 1 1 2 -8.75 2.85
x -4 10 12